camera_matrix:
- - 343.1108337117331
  - 0.0
  - 355.54442614618955
- - 0.0
  - 454.929156408439
  - 183.75927006351554
- - 0.0
  - 0.0
  - 1.0
dist_coeff:
- - 0.7693711699175974
  - -20.346148561417404
  - 0.002269844120929368
  - -0.001231284846936274
  - 96.60643825543269
