camera_matrix:
- - 381.4984047123035
  - 0.0
  - 356.290072384993
- - 0.0
  - 509.42726099348704
  - 226.72076716727554
- - 0.0
  - 0.0
  - 1.0
dist_coeff:
- - -0.35034440424138696
  - 0.14614289524425053
  - 0.002283139425971768
  - -0.0026420938020770553
  - 0.026630568807621154
