camera_matrix:
- - 386.19945165760834
  - 0.0
  - 342.5024541932579
- - 0.0
  - 515.3329915808483
  - 218.51142580864249
- - 0.0
  - 0.0
  - 1.0
dist_coeff:
- - -0.3400088367386387
  - 0.1347543012625931
  - 0.0008467334052850067
  - 0.00014945320785122554
  - -0.025419256268458278
